%YAML:1.0
calibration_time: "Thu Aug 15 16:47:48 2013"
image_width: 640
image_height: 480
board_width: 4
board_height: 11
square_size: 1.
flags: 0
camera_matrix: !!opencv-matrix
   rows: 3
   cols: 3
   dt: d
   data: [ 5.2400586977731098e+02, 0., 3.1712219070435492e+02, 0.,
       5.2236320547772254e+02, 2.4885169153798472e+02, 0., 0., 1. ]
distortion_coefficients: !!opencv-matrix
   rows: 5
   cols: 1
   dt: d
   data: [ 4.1533958393761790e-02, -2.2180036921037907e-01,
       -1.1113642874041813e-03, 9.0520044080893297e-04,
       1.9638228031807242e-01 ]
avg_reprojection_error: 1.8524550236703222e-01
